0.000943396,0
0.00298657,3.36417e-14
0.00607296,1.94521e-13
0.0101748,6.29286e-13
0.0152741,1.53485e-12
0.0213575,3.15658e-12
0.0284136,5.78679e-12
0.036432,9.7632e-12
0.045403,1.54675e-11
0.0553168,2.33235e-11
0.066164,3.3796e-11
0.0779346,4.73885e-11
0.0906185,6.46413e-11
0.104205,8.61301e-11
0.118684,1.12464e-10
0.134045,1.44281e-10
0.150275,1.82252e-10
0.167363,2.27071e-10
0.185297,2.79457e-10
0.204065,3.40153e-10
0.223654,4.0992e-10
0.24405,4.89538e-10
0.265241,5.79801e-10
0.287214,6.81519e-10
0.309954,7.95511e-10
0.333447,9.22604e-10
0.35768,1.06364e-09
0.382639,1.21944e-09
0.408308,1.39087e-09
0.434674,1.57876e-09
0.461722,1.78396e-09
0.489437,2.00731e-09
0.517805,2.24964e-09
0.546812,2.51178e-09
0.576442,2.79456e-09
0.606681,3.09879e-09
0.637515,3.42527e-09
0.668928,3.77481e-09
0.700908,4.14817e-09
0.733439,4.54613e-09
0.766508,4.96944e-09
0.8001,5.41883e-09
0.834202,5.89504e-09
0.868799,6.39877e-09
0.903879,6.9307e-09
0.939429,7.49152e-09
0.975434,8.08187e-09
1.01188,8.70239e-09
1.04876,9.35369e-09
1.08606,1.00364e-08
1.12376,1.07511e-08
1.16186,1.14982e-08
1.20034,1.22785e-08
1.23918,1.30924e-08
1.27839,1.39404e-08
1.31795,1.48229e-08
1.35784,1.57406e-08
1.39806,1.66937e-08
1.4386,1.76828e-08
1.47944,1.87083e-08
1.52057,1.97705e-08
1.562,2.08699e-08
1.6037,2.20068e-08
1.64567,2.31815e-08
1.6879,2.43945e-08
1.73038,2.56459e-08
1.77311,2.69362e-08
1.81606,2.82656e-08
1.85925,2.96344e-08
1.90265,3.10428e-08
1.94627,3.24911e-08
1.99008,3.39796e-08
2.0341,3.55084e-08
2.0783,3.70777e-08
2.12269,3.86878e-08
2.16726,4.03389e-08
2.212,4.20311e-08
2.2569,4.37646e-08
2.30196,4.55396e-08
2.34717,4.73561e-08
2.39253,4.92144e-08
2.43804,5.11146e-08
2.48368,5.30568e-08
2.52946,5.50411e-08
2.57536,5.70676e-08
2.62139,5.91364e-08
2.66753,6.12476e-08
2.71379,6.34013e-08
2.76016,6.55976e-08
2.80664,6.78366e-08
2.85322,7.01182e-08
2.89989,7.24427e-08
2.94667,7.481e-08
2.99353,7.72201e-08
3.04048,7.96732e-08
3.08752,8.21693e-08
3.13464,8.47084e-08
3.18183,8.72906e-08
3.22911,8.99158e-08
3.27645,9.25842e-08
3.32387,9.52957e-08
3.37135,9.80504e-08
3.4189,1.00848e-07
3.46652,1.03689e-07
3.51419,1.06574e-07
3.56192,1.09501e-07
3.6097,1.12472e-07
3.65754,1.15486e-07
3.70544,1.18543e-07
3.75338,1.21643e-07
3.80137,1.24787e-07
3.8494,1.27974e-07
3.89748,1.31204e-07
3.94561,1.34478e-07
3.99377,1.37795e-07
4.04197,1.41155e-07
4.09021,1.44558e-07
4.13849,1.48004e-07
4.1868,1.51494e-07
4.23515,1.55027e-07
4.28353,1.58603e-07
4.33194,1.62222e-07
4.38038,1.65885e-07
4.42885,1.6959e-07
4.47735,1.73339e-07
4.52587,1.77131e-07
4.57442,1.80966e-07
4.623,1.84844e-07
4.6716,1.88765e-07
4.72022,1.9273e-07
4.76886,1.96737e-07
4.81753,2.00788e-07
4.86622,2.04881e-07
4.91492,2.09018e-07
4.96364,2.13198e-07
5.01239,2.1742e-07
5.06115,2.21686e-07
5.10992,2.25994e-07
5.15872,2.30346e-07
5.20752,2.3474e-07
5.25635,2.39178e-07
5.30518,2.43658e-07
5.35403,2.48182e-07
5.4029,2.52748e-07
5.45178,2.57357e-07
5.50067,2.62009e-07
5.54957,2.66703e-07
5.59848,2.71441e-07
5.6474,2.76221e-07
5.69634,2.81045e-07
5.74528,2.85911e-07
5.79423,2.90819e-07
5.8432,2.95771e-07
5.89217,3.00765e-07
5.94115,3.05802e-07
5.99014,3.10882e-07
6.03914,3.16005e-07
6.08814,3.2117e-07
6.13715,3.26378e-07
6.18617,3.31628e-07
6.2352,3.36921e-07
6.28423,3.42257e-07
6.33327,3.47636e-07
6.38231,3.53057e-07
6.43136,3.58521e-07
6.48042,3.64027e-07
6.52948,3.69577e-07
6.57855,3.75168e-07
6.62762,3.80802e-07
6.67669,3.86479e-07
6.72577,3.92199e-07
6.77486,3.97961e-07
6.82395,4.03765e-07
6.87304,4.09612e-07
6.92214,4.15502e-07
6.97124,4.21434e-07
7.02035,4.27409e-07
7.06945,4.33426e-07
7.11857,4.39485e-07
7.16768,4.45587e-07
7.2168,4.51732e-07
7.26592,4.57919e-07
7.31504,4.64149e-07
7.36417,4.70421e-07
7.4133,4.76735e-07
7.46243,4.83092e-07
7.51156,4.89492e-07
7.5607,4.95934e-07
7.60984,5.02418e-07
7.65898,5.08945e-07
7.70812,5.15514e-07
7.75727,5.22125e-07
7.80642,5.28779e-07
7.85556,5.35476e-07
7.90471,5.42215e-07
7.95387,5.48996e-07
8.00302,5.55819e-07
8.05218,5.62685e-07
8.10133,5.69594e-07
8.15049,5.76545e-07
8.19965,5.83538e-07
8.24881,5.90573e-07
8.29798,5.97651e-07
8.34714,6.04771e-07
8.3963,6.11934e-07
8.44547,6.19139e-07
8.49464,6.26386e-07
8.54381,6.33676e-07
8.59297,6.41008e-07
8.64215,6.48382e-07
8.69132,6.55799e-07
8.74049,6.63258e-07
8.78966,6.70759e-07
8.83884,6.78303e-07
8.88801,6.85889e-07
8.93719,6.93517e-07
8.98636,7.01188e-07
9.03554,7.08901e-07
9.08472,7.16656e-07
9.13389,7.24454e-07
9.18307,7.32294e-07
9.23225,7.40176e-07
9.28143,7.48101e-07
9.33061,7.56068e-07
9.3798,7.64077e-07
9.42898,7.72128e-07
9.47816,7.80222e-07
9.52734,7.88358e-07
9.57653,7.96536e-07
9.62571,8.04757e-07
9.67489,8.1302e-07
9.72408,8.21325e-07
9.77326,8.29673e-07
9.82245,8.38063e-07
9.87163,8.46495e-07
9.92082,8.54969e-07
9.97001,8.63486e-07
10.0192,8.72045e-07
10.0684,8.80646e-07
10.1176,8.89289e-07
10.1668,8.97975e-07
10.2159,9.06703e-07
10.2651,9.15473e-07
10.3143,9.24286e-07
10.3635,9.33141e-07
10.4127,9.42038e-07
10.4619,9.50978e-07
10.5111,9.59959e-07
10.5603,9.68983e-07
10.6095,9.78049e-07
10.6586,9.87158e-07
10.7078,9.96309e-07
10.757,1.0055e-06
10.8062,1.01474e-06
10.8554,1.02401e-06
10.9046,1.03333e-06
10.9538,1.0427e-06
11.003,1.0521e-06
11.0522,1.06155e-06
11.1014,1.07104e-06
11.1506,1.08057e-06
11.1997,1.09014e-06
11.2489,1.09976e-06
11.2981,1.10941e-06
11.3473,1.11911e-06
11.3965,1.12886e-06
11.4457,1.13864e-06
11.4949,1.14847e-06
11.5441,1.15834e-06
11.5933,1.16825e-06
11.6425,1.1782e-06
11.6917,1.1882e-06
11.7409,1.19824e-06
11.7901,1.20832e-06
11.8392,1.21844e-06
11.8884,1.2286e-06
11.9376,1.23881e-06
11.9868,1.24906e-06
12.036,1.25935e-06
12.0852,1.26969e-06
12.1344,1.28006e-06
12.1836,1.29048e-06
12.2328,1.30094e-06
12.282,1.31145e-06
12.3312,1.32199e-06
12.3804,1.33258e-06
12.4296,1.34321e-06
12.4788,1.35388e-06
12.528,1.36459e-06
12.5771,1.37535e-06
12.6263,1.38615e-06
12.6755,1.39699e-06
12.7247,1.40787e-06
12.7739,1.4188e-06
12.8231,1.42977e-06
12.8723,1.44078e-06
12.9215,1.45183e-06
12.9707,1.46292e-06
13.0199,1.47406e-06
13.0691,1.48524e-06
13.1183,1.49646e-06
13.1675,1.50772e-06
13.2167,1.51903e-06
13.2659,1.53038e-06
13.3151,1.54177e-06
13.3642,1.5532e-06
13.4134,1.56467e-06
13.4626,1.57619e-06
13.5118,1.58775e-06
13.561,1.59935e-06
13.6102,1.61099e-06
13.6594,1.62268e-06
13.7086,1.63441e-06
13.7578,1.64618e-06
13.807,1.65799e-06
13.8562,1.66984e-06
13.9054,1.68174e-06
13.9546,1.69368e-06
14.0038,1.70566e-06
14.053,1.71769e-06
14.1022,1.72975e-06
14.1514,1.74186e-06
14.2006,1.75401e-06
14.2497,1.7662e-06
14.2989,1.77844e-06
14.3481,1.79071e-06
14.3973,1.80303e-06
14.4465,1.8154e-06
14.4957,1.8278e-06
14.5449,1.84025e-06
14.5941,1.85273e-06
14.6433,1.86526e-06
14.6925,1.87784e-06
14.7417,1.89045e-06
14.7909,1.90311e-06
14.8401,1.91581e-06
14.8893,1.92855e-06
14.9385,1.94134e-06
14.9877,1.95416e-06
15.0369,1.96703e-06
15.0861,1.97994e-06
15.1352,1.99289e-06
15.1844,2.00589e-06
15.2336,2.01893e-06
15.2828,2.03201e-06
15.332,2.04513e-06
15.3812,2.05829e-06
15.4304,2.0715e-06
15.4796,2.08475e-06
15.5288,2.09804e-06
15.578,2.11137e-06
15.6272,2.12475e-06
15.6764,2.13816e-06
15.7256,2.15162e-06
15.7748,2.16513e-06
15.824,2.17867e-06
15.8732,2.19226e-06
15.9224,2.20589e-06
15.9716,2.21956e-06
16.0208,2.23327e-06
16.0699,2.24703e-06
16.1191,2.26082e-06
16.1683,2.27466e-06
16.2175,2.28855e-06
16.2667,2.30247e-06
16.3159,2.31644e-06
16.3651,2.33045e-06
16.4143,2.3445e-06
16.4635,2.35859e-06
16.5127,2.37273e-06
16.5619,2.38691e-06
16.6111,2.40113e-06
16.6603,2.41539e-06
16.7095,2.42969e-06
16.7587,2.44404e-06
16.8079,2.45843e-06
16.8571,2.47286e-06
16.9063,2.48733e-06
16.9555,2.50185e-06
17.0046,2.51641e-06
17.0538,2.53101e-06
17.103,2.54565e-06
17.1522,2.56034e-06
17.2014,2.57506e-06
17.2506,2.58983e-06
17.2998,2.60464e-06
17.349,2.6195e-06
17.3982,2.63439e-06
17.4474,2.64933e-06
17.4966,2.66431e-06
17.5458,2.67934e-06
17.595,2.6944e-06
17.6442,2.70951e-06
17.6934,2.72466e-06
17.7426,2.73985e-06
17.7918,2.75508e-06
17.841,2.77036e-06
17.8902,2.78568e-06
17.9393,2.80104e-06
17.9885,2.81644e-06
18.0377,2.83189e-06
18.0869,2.84737e-06
18.1361,2.8629e-06
18.1853,2.87847e-06
18.2345,2.89409e-06
18.2837,2.90975e-06
18.3329,2.92544e-06
18.3821,2.94118e-06
18.4313,2.95697e-06
18.4805,2.97279e-06
18.5297,2.98866e-06
18.5789,3.00457e-06
18.6281,3.02052e-06
18.6773,3.03652e-06
18.7265,3.05255e-06
18.7757,3.06863e-06
18.8249,3.08475e-06
18.874,3.10092e-06
18.9232,3.11712e-06
18.9724,3.13337e-06
19.0216,3.14966e-06
19.0708,3.16599e-06
19.12,3.18237e-06
19.1692,3.19878e-06
19.2184,3.21524e-06
19.2676,3.23174e-06
19.3168,3.24829e-06
19.366,3.26487e-06
19.4152,3.2815e-06
19.4644,3.29817e-06
19.5136,3.31488e-06
19.5628,3.33164e-06
19.612,3.34843e-06
19.6612,3.36527e-06
19.7104,3.38215e-06
19.7596,3.39908e-06
19.8087,3.41604e-06
19.8579,3.43305e-06
19.9071,3.4501e-06
19.9563,3.46719e-06
20.0055,3.48433e-06
20.0547,3.5015e-06
20.1039,3.51872e-06
20.1531,3.53599e-06
20.2023,3.55329e-06
20.2515,3.57063e-06
20.3007,3.58802e-06
20.3499,3.60545e-06
20.3991,3.62293e-06
20.4483,3.64044e-06
20.4975,3.658e-06
20.5467,3.6756e-06
20.5959,3.69324e-06
20.6451,3.71092e-06
20.6943,3.72865e-06
20.7434,3.74642e-06
20.7926,3.76423e-06
20.8418,3.78208e-06
20.891,3.79998e-06
20.9402,3.81791e-06
20.9894,3.83589e-06
21.0386,3.85391e-06
21.0878,3.87198e-06
21.137,3.89008e-06
21.1862,3.90823e-06
21.2354,3.92642e-06
21.2846,3.94466e-06
21.3338,3.96293e-06
21.383,3.98125e-06
21.4322,3.99961e-06
21.4814,4.01801e-06
21.5306,4.03645e-06
21.5798,4.05494e-06
21.629,4.07347e-06
21.6781,4.09204e-06
21.7273,4.11065e-06
21.7765,4.12931e-06
21.8257,4.14801e-06
21.8749,4.16675e-06
21.9241,4.18553e-06
21.9733,4.20435e-06
22.0225,4.22322e-06
22.0717,4.24213e-06
22.1209,4.26108e-06
22.1701,4.28007e-06
22.2193,4.29911e-06
22.2685,4.31819e-06
22.3177,4.33731e-06
22.3669,4.35647e-06
22.4161,4.37567e-06
22.4653,4.39492e-06
22.5145,4.41421e-06
22.5637,4.43354e-06
22.6128,4.45291e-06
22.662,4.47233e-06
22.7112,4.49179e-06
22.7604,4.51129e-06
22.8096,4.53083e-06
22.8588,4.55041e-06
22.908,4.57004e-06
22.9572,4.58971e-06
23.0064,4.60942e-06
23.0556,4.62917e-06
23.1048,4.64897e-06
23.154,4.66881e-06
23.2032,4.68869e-06
23.2524,4.70861e-06
23.3016,4.72857e-06
23.3508,4.74858e-06
23.4,4.76863e-06
23.4492,4.78872e-06
23.4984,4.80886e-06
23.5475,4.82903e-06
23.5967,4.84925e-06
23.6459,4.86951e-06
23.6951,4.88981e-06
23.7443,4.91016e-06
23.7935,4.93054e-06
23.8427,4.95097e-06
23.8919,4.97145e-06
23.9411,4.99196e-06
23.9903,5.01252e-06
24.0395,5.03311e-06
24.0887,5.05375e-06
24.1379,5.07444e-06
24.1871,5.09516e-06
24.2363,5.11593e-06
24.2855,5.13674e-06
24.3347,5.15759e-06
24.3839,5.17849e-06
24.4331,5.19942e-06
24.4822,5.2204e-06
24.5314,5.24142e-06
24.5806,5.26248e-06
24.6298,5.28359e-06
24.679,5.30474e-06
24.7282,5.32593e-06
24.7774,5.34716e-06
24.8266,5.36843e-06
24.8758,5.38975e-06
24.925,5.41111e-06
24.9742,5.43251e-06
25.0234,5.45395e-06
25.0726,5.47544e-06
25.1218,5.49696e-06
25.171,5.51853e-06
25.2202,5.54015e-06
25.2694,5.5618e-06
25.3186,5.5835e-06
25.3678,5.60524e-06
25.4169,5.62702e-06
25.4661,5.64884e-06
25.5153,5.67071e-06
25.5645,5.69261e-06
25.6137,5.71456e-06
25.6629,5.73655e-06
25.7121,5.75859e-06
25.7613,5.78067e-06
25.8105,5.80279e-06
25.8597,5.82495e-06
25.9089,5.84715e-06
25.9581,5.8694e-06
26.0073,5.89168e-06
26.0565,5.91401e-06
26.1057,5.93639e-06
26.1549,5.9588e-06
26.2041,5.98126e-06
26.2533,6.00376e-06
26.3025,6.0263e-06
26.3516,6.04888e-06
26.4008,6.07151e-06
26.45,6.09417e-06
26.4992,6.11689e-06
26.5484,6.13964e-06
26.5976,6.16243e-06
26.6468,6.18527e-06
26.696,6.20815e-06
26.7452,6.23107e-06
26.7944,6.25403e-06
26.8436,6.27704e-06
26.8928,6.30009e-06
26.942,6.32318e-06
26.9912,6.34631e-06
27.0404,6.36949e-06
27.0896,6.3927e-06
27.1388,6.41596e-06
27.188,6.43926e-06
27.2372,6.46261e-06
27.2863,6.48599e-06
27.3355,6.50942e-06
27.3847,6.53289e-06
27.4339,6.55641e-06
27.4831,6.57996e-06
27.5323,6.60356e-06
27.5815,6.6272e-06
27.6307,6.65088e-06
27.6799,6.6746e-06
27.7291,6.69837e-06
27.7783,6.72218e-06
27.8275,6.74603e-06
27.8767,6.76992e-06
27.9259,6.79386e-06
27.9751,6.81783e-06
28.0243,6.84185e-06
28.0735,6.86592e-06
28.1227,6.89002e-06
28.1719,6.91417e-06
28.2211,6.93836e-06
28.2702,6.96259e-06
28.3194,6.98686e-06
28.3686,7.01117e-06
28.4178,7.03553e-06
28.467,7.05993e-06
28.5162,7.08437e-06
28.5654,7.10886e-06
28.6146,7.13339e-06
28.6638,7.15795e-06
28.713,7.18257e-06
28.7622,7.20722e-06
28.8114,7.23191e-06
28.8606,7.25665e-06
28.9098,7.28143e-06
28.959,7.30625e-06
29.0082,7.33112e-06
29.0574,7.35603e-06
29.1066,7.38097e-06
29.1558,7.40597e-06
29.2049,7.431e-06
29.2541,7.45607e-06
29.3033,7.48119e-06
29.3525,7.50635e-06
29.4017,7.53155e-06
29.4509,7.5568e-06
29.5001,7.58209e-06
29.5493,7.60742e-06
29.5985,7.63279e-06
29.6477,7.6582e-06
29.6969,7.68366e-06
29.7461,7.70915e-06
29.7953,7.73469e-06
29.8445,7.76028e-06
29.8937,7.7859e-06
29.9429,7.81157e-06
29.9921,7.83728e-06
30.0413,7.86303e-06
30.0905,7.88882e-06
30.1396,7.91466e-06
30.1888,7.94054e-06
30.238,7.96646e-06
30.2872,7.99242e-06
30.3364,8.01843e-06
30.3856,8.04447e-06
30.4348,8.07056e-06
30.484,8.09669e-06
30.5332,8.12287e-06
30.5824,8.14908e-06
30.6316,8.17534e-06
30.6808,8.20164e-06
30.73,8.22799e-06
30.7792,8.25437e-06
30.8284,8.2808e-06
30.8776,8.30727e-06
30.9268,8.33378e-06
30.976,8.36033e-06
31.0252,8.38693e-06
31.0743,8.41357e-06
31.1235,8.44025e-06
31.1727,8.46697e-06
31.2219,8.49374e-06
31.2711,8.52054e-06
31.3203,8.54739e-06
31.3695,8.57429e-06
31.4187,8.60122e-06
31.4679,8.6282e-06
31.5171,8.65522e-06
31.5663,8.68228e-06
31.6155,8.70938e-06
31.6647,8.73653e-06
31.7139,8.76371e-06
31.7631,8.79094e-06
31.8123,8.81821e-06
31.8615,8.84553e-06
31.9107,8.87289e-06
31.9599,8.90028e-06
32.009,8.92773e-06
32.0582,8.95521e-06
32.1074,8.98273e-06
32.1566,9.0103e-06
32.2058,9.03791e-06
32.255,9.06556e-06
32.3042,9.09326e-06
32.3534,9.121e-06
32.4026,9.14877e-06
32.4518,9.1766e-06
32.501,9.20446e-06
32.5502,9.23237e-06
32.5994,9.26031e-06
32.6486,9.2883e-06
32.6978,9.31634e-06
32.747,9.34441e-06
32.7962,9.37253e-06
32.8454,9.40069e-06
32.8946,9.42889e-06
32.9437,9.45713e-06
32.9929,9.48542e-06
33.0421,9.51375e-06
33.0913,9.54212e-06
33.1405,9.57053e-06
33.1897,9.59898e-06
33.2389,9.62748e-06
33.2881,9.65602e-06
33.3373,9.6846e-06
33.3865,9.71322e-06
33.4357,9.74189e-06
33.4849,9.7706e-06
33.5341,9.79935e-06
33.5833,9.82814e-06
33.6325,9.85698e-06
33.6817,9.88585e-06
33.7309,9.91477e-06
33.7801,9.94374e-06
33.8293,9.97274e-06
33.8784,1.00018e-05
33.9276,1.00309e-05
33.9768,1.006e-05
34.026,1.00892e-05
34.0752,1.01184e-05
34.1244,1.01476e-05
34.1736,1.01769e-05
34.2228,1.02063e-05
34.272,1.02357e-05
34.3212,1.02651e-05
34.3704,1.02946e-05
34.4196,1.03241e-05
34.4688,1.03536e-05
34.518,1.03832e-05
34.5672,1.04129e-05
34.6164,1.04425e-05
34.6656,1.04723e-05
34.7148,1.0502e-05
34.764,1.05318e-05
34.8131,1.05617e-05
34.8623,1.05916e-05
34.9115,1.06215e-05
34.9607,1.06515e-05
35.0099,1.06815e-05
35.0591,1.07116e-05
35.1083,1.07417e-05
35.1575,1.07718e-05
35.2067,1.0802e-05
35.2559,1.08322e-05
35.3051,1.08625e-05
35.3543,1.08928e-05
35.4035,1.09232e-05
35.4527,1.09536e-05
35.5019,1.0984e-05
35.5511,1.10145e-05
35.6003,1.1045e-05
35.6495,1.10756e-05
35.6987,1.11062e-05
35.7478,1.11368e-05
35.797,1.11675e-05
35.8462,1.11983e-05
35.8954,1.1229e-05
35.9446,1.12599e-05
35.9938,1.12907e-05
36.043,1.13216e-05
36.0922,1.13526e-05
36.1414,1.13836e-05
36.1906,1.14146e-05
36.2398,1.14457e-05
36.289,1.14768e-05
36.3382,1.15079e-05
36.3874,1.15391e-05
36.4366,1.15704e-05
36.4858,1.16017e-05
36.535,1.1633e-05
36.5842,1.16644e-05
36.6334,1.16958e-05
36.6825,1.17272e-05
36.7317,1.17587e-05
36.7809,1.17903e-05
36.8301,1.18219e-05
36.8793,1.18535e-05
36.9285,1.18851e-05
36.9777,1.19168e-05
37.0269,1.19486e-05
37.0761,1.19804e-05
37.1253,1.20122e-05
37.1745,1.20441e-05
37.2237,1.2076e-05
37.2729,1.2108e-05
37.3221,1.214e-05
37.3713,1.2172e-05
37.4205,1.22041e-05
37.4697,1.22362e-05
37.5189,1.22684e-05
37.5681,1.23006e-05
37.6172,1.23329e-05
37.6664,1.23652e-05
37.7156,1.23975e-05
37.7648,1.24299e-05
37.814,1.24623e-05
37.8632,1.24948e-05
37.9124,1.25273e-05
37.9616,1.25599e-05
38.0108,1.25925e-05
38.06,1.26251e-05
38.1092,1.26578e-05
38.1584,1.26905e-05
38.2076,1.27233e-05
38.2568,1.27561e-05
38.306,1.27889e-05
38.3552,1.28218e-05
38.4044,1.28547e-05
38.4536,1.28877e-05
38.5028,1.29207e-05
38.5519,1.29538e-05
38.6011,1.29869e-05
38.6503,1.302e-05
38.6995,1.30532e-05
38.7487,1.30864e-05
38.7979,1.31197e-05
38.8471,1.3153e-05
38.8963,1.31864e-05
38.9455,1.32198e-05
38.9947,1.32532e-05
39.0439,1.32867e-05
39.0931,1.33202e-05
39.1423,1.33538e-05
39.1915,1.33874e-05
39.2407,1.3421e-05
39.2899,1.34547e-05
39.3391,1.34885e-05
39.3883,1.35222e-05
39.4375,1.35561e-05
39.4866,1.35899e-05
39.5358,1.36238e-05
39.585,1.36578e-05
39.6342,1.36918e-05
39.6834,1.37258e-05
39.7326,1.37599e-05
39.7818,1.3794e-05
39.831,1.38281e-05
39.8802,1.38623e-05
39.9294,1.38966e-05
39.9786,1.39309e-05
40.0278,1.39652e-05
40.077,1.39996e-05
40.1262,1.4034e-05
40.1754,1.40684e-05
40.2246,1.41029e-05
40.2738,1.41375e-05
40.323,1.4172e-05
40.3722,1.42067e-05
40.4213,1.42413e-05
40.4705,1.4276e-05
40.5197,1.43108e-05
40.5689,1.43456e-05
40.6181,1.43804e-05
40.6673,1.44153e-05
40.7165,1.44502e-05
40.7657,1.44851e-05
40.8149,1.45201e-05
40.8641,1.45552e-05
40.9133,1.45903e-05
40.9625,1.46254e-05
41.0117,1.46606e-05
41.0609,1.46958e-05
41.1101,1.4731e-05
41.1593,1.47663e-05
41.2085,1.48017e-05
41.2577,1.48371e-05
41.3069,1.48725e-05
41.356,1.4908e-05
41.4052,1.49435e-05
41.4544,1.4979e-05
41.5036,1.50146e-05
41.5528,1.50502e-05
41.602,1.50859e-05
41.6512,1.51216e-05
41.7004,1.51574e-05
41.7496,1.51932e-05
41.7988,1.52291e-05
41.848,1.52649e-05
41.8972,1.53009e-05
41.9464,1.53368e-05
41.9956,1.53729e-05
42.0448,1.54089e-05
42.094,1.5445e-05
42.1432,1.54812e-05
42.1924,1.55173e-05
42.2416,1.55536e-05
42.2907,1.55898e-05
42.3399,1.56262e-05
42.3891,1.56625e-05
42.4383,1.56989e-05
42.4875,1.57353e-05
42.5367,1.57718e-05
42.5859,1.58083e-05
42.6351,1.58449e-05
42.6843,1.58815e-05
42.7335,1.59182e-05
42.7827,1.59549e-05
42.8319,1.59916e-05
42.8811,1.60284e-05
42.9303,1.60652e-05
42.9795,1.6102e-05
43.0287,1.61389e-05
43.0779,1.61759e-05
43.1271,1.62129e-05
43.1763,1.62499e-05
43.2254,1.6287e-05
43.2746,1.63241e-05
43.3238,1.63613e-05
43.373,1.63985e-05
43.4222,1.64357e-05
43.4714,1.6473e-05
43.5206,1.65103e-05
43.5698,1.65477e-05
43.619,1.65851e-05
43.6682,1.66225e-05
43.7174,1.666e-05
43.7666,1.66976e-05
43.8158,1.67351e-05
43.865,1.67728e-05
43.9142,1.68104e-05
43.9634,1.68481e-05
44.0126,1.68859e-05
44.0618,1.69237e-05
44.111,1.69615e-05
44.1602,1.69994e-05
44.2093,1.70373e-05
44.2585,1.70752e-05
44.3077,1.71132e-05
44.3569,1.71513e-05
44.4061,1.71894e-05
44.4553,1.72275e-05
44.5045,1.72657e-05
44.5537,1.73039e-05
44.6029,1.73421e-05
44.6521,1.73804e-05
44.7013,1.74188e-05
44.7505,1.74572e-05
44.7997,1.74956e-05
44.8489,1.7534e-05
44.8981,1.75725e-05
44.9473,1.76111e-05
44.9965,1.76497e-05
45.0457,1.76883e-05
45.0949,1.7727e-05
45.144,1.77657e-05
45.1932,1.78045e-05
45.2424,1.78433e-05
45.2916,1.78821e-05
45.3408,1.7921e-05
45.39,1.79599e-05
45.4392,1.79989e-05
45.4884,1.80379e-05
45.5376,1.8077e-05
45.5868,1.81161e-05
45.636,1.81552e-05
45.6852,1.81944e-05
45.7344,1.82336e-05
45.7836,1.82729e-05
45.8328,1.83122e-05
45.882,1.83516e-05
45.9312,1.8391e-05
45.9804,1.84304e-05
46.0296,1.84699e-05
46.0787,1.85094e-05
46.1279,1.8549e-05
46.1771,1.85886e-05
46.2263,1.86282e-05
46.2755,1.86679e-05
46.3247,1.87076e-05
46.3739,1.87474e-05
46.4231,1.87872e-05
46.4723,1.88271e-05
46.5215,1.8867e-05
46.5707,1.89069e-05
46.6199,1.89469e-05
46.6691,1.8987e-05
46.7183,1.9027e-05
46.7675,1.90671e-05
46.8167,1.91073e-05
46.8659,1.91475e-05
46.9151,1.91877e-05
46.9643,1.9228e-05
47.0134,1.92683e-05
47.0626,1.93087e-05
47.1118,1.93491e-05
47.161,1.93896e-05
47.2102,1.94301e-05
47.2594,1.94706e-05
47.3086,1.95112e-05
47.3578,1.95518e-05
47.407,1.95925e-05
47.4562,1.96332e-05
47.5054,1.96739e-05
47.5546,1.97147e-05
47.6038,2.09907e-05
47.653,2.47371e-05
47.7022,3.21891e-05
47.7514,4.45819e-05
47.8006,6.31507e-05
47.8498,8.91305e-05
47.899,0.000123757
47.9481,0.000168264
47.9973,0.000223887
48.0465,0.000291862
48.0957,0.000373422
48.1449,0.000469804
48.1941,0.00058224
48.2433,0.000711967
48.2925,0.000860218
48.3417,0.00102823
48.3909,0.00121723
48.4401,0.00142846
48.4893,0.00166315
48.5385,0.00192253
48.5877,0.00220784
48.6369,0.0025203
48.6861,0.00286116
48.7353,0.00323164
48.7844,0.00363298
48.8336,0.0040664
48.8828,0.00453313
48.932,0.00503441
48.9812,0.00557146
49.0304,0.00614551
49.0796,0.00675779
49.1288,0.00740953
49.178,0.00810194
49.2272,0.00883625
49.2764,0.00961369
49.3255,0.0104355
49.3747,0.0113028
49.4239,0.012217
49.4731,0.0131791
49.5223,0.0141904
49.5715,0.0152522
49.6207,0.0163656
49.6698,0.0175319
49.719,0.0187522
49.7682,0.0200277
49.8174,0.0213598
49.8665,0.0227494
49.9157,0.0241979
49.9649,0.0257065
50.0141,0.0272763
50.0632,0.0289084
50.1124,0.0306042
50.1616,0.0323647
50.2107,0.0341912
50.2599,0.0360847
50.309,0.0380466
50.3582,0.0400778
50.4073,0.0421796
50.4565,0.0443531
50.5056,0.0465995
50.5548,0.0489199
50.6039,0.0513153
50.653,0.053787
50.7022,0.0563361
50.7513,0.0589636
50.8004,0.0616706
50.8495,0.0644583
50.8986,0.0673276
50.9477,0.0702798
50.9968,0.0733158
51.0459,0.0764367
51.095,0.0796435
51.1441,0.0829373
51.1932,0.0863191
51.2423,0.0897899
51.2913,0.0933507
51.3404,0.0970025
51.3894,0.100746
51.4385,0.104583
51.4875,0.108513
51.5365,0.112539
51.5856,0.11666
51.6346,0.120877
51.6836,0.125193
51.7326,0.129606
51.7816,0.134119
51.8306,0.138732
51.8795,0.143446
51.9285,0.148261
51.9774,0.153179
52.0264,0.158201
52.0753,0.163326
52.1242,0.168556
52.1731,0.173892
52.222,0.179334
52.2709,0.184883
52.3198,0.190539
52.3686,0.196303
52.4175,0.202177
52.4663,0.208159
52.5151,0.214252
52.5639,0.220455
52.6127,0.226769
52.6615,0.233194
52.7102,0.239732
52.759,0.246382
52.8077,0.253144
52.8564,0.260021
52.9051,0.26701
52.9538,0.274114
53.0024,0.281332
53.0511,0.288665
53.0997,0.296113
53.1483,0.303676
53.1969,0.311354
53.2455,0.319148
53.294,0.327058
53.3426,0.335083
53.3911,0.343225
53.4396,0.351483
53.4881,0.359857
53.5365,0.368348
53.585,0.376954
53.6334,0.385677
53.6818,0.394517
53.7301,0.403472
53.7785,0.412544
53.8268,0.421731
53.8751,0.431034
53.9234,0.440453
53.9717,0.449988
54.0199,0.459638
54.0681,0.469402
54.1163,0.479282
54.1645,0.489276
54.2126,0.499383
54.2608,0.509605
54.3089,0.51994
54.3569,0.530388
54.405,0.540949
54.453,0.551621
54.501,0.562406
54.549,0.573301
54.5969,0.584307
54.6448,0.595423
54.6927,0.606649
54.7406,0.617984
54.7885,0.629427
54.8363,0.640977
54.8841,0.652635
54.9318,0.664399
54.9796,0.676269
55.0273,0.688244
55.075,0.700323
55.1226,0.712505
55.1703,0.724791
55.2179,0.737178
55.2655,0.749667
55.313,0.762256
55.3606,0.774944
55.4081,0.787732
55.4555,0.800617
55.503,0.813599
55.5504,0.826677
55.5978,0.83985
55.6452,0.853118
55.6925,0.866479
55.7399,0.879933
55.7871,0.893478
55.8344,0.907113
55.8817,0.920838
55.9289,0.934651
55.9761,0.948552
56.0232,0.96254
56.0704,0.976613
56.1175,0.990771
56.1646,1.00501
56.2116,1.01934
56.2587,1.03374
56.3057,1.04822
56.3527,1.06279
56.3996,1.07743
56.4466,1.09215
56.4935,1.10695
56.5404,1.12182
56.5873,1.13676
56.6341,1.15178
56.6809,1.16687
56.7277,1.18203
56.7745,1.19725
56.8213,1.21255
56.868,1.22791
56.9147,1.24334
56.9614,1.25884
57.0081,1.2744
57.0547,1.29002
57.1013,1.3057
57.148,1.32144
57.1945,1.33724
57.2411,1.3531
57.2877,1.36902
57.3342,1.38499
57.3807,1.40102
57.4272,1.4171
57.4737,1.43323
57.5201,1.44942
57.5666,1.46565
57.613,1.48193
57.6594,1.49826
57.7058,1.51464
57.7522,1.53106
57.7985,1.54752
57.8449,1.56403
57.8912,1.58058
57.9375,1.59717
57.9838,1.6138
58.0301,1.63047
58.0763,1.64718
58.1226,1.66392
58.1689,1.6807
58.2151,1.69751
58.2613,1.71435
58.3075,1.73122
58.3537,1.74813
58.3999,1.76506
58.4461,1.78202
58.4923,1.79901
58.5384,1.81602
58.5846,1.83306
58.6307,1.85012
58.6768,1.8672
58.723,1.8843
58.7691,1.90142
58.8152,1.91857
58.8613,1.93572
58.9074,1.9529
58.9535,1.97009
58.9996,1.98729
59.0457,2.00451
59.0917,2.02174
59.1378,2.03898
59.1839,2.05622
59.23,2.07348
59.276,2.09074
59.3221,2.10801
59.3682,2.12529
59.4142,2.14256
59.4603,2.15984
59.5063,2.17712
59.5524,2.1944
59.5985,2.21168
59.6445,2.22896
59.6906,2.24623
59.7366,2.2635
59.7827,2.28076
59.8288,2.29802
59.8749,2.31527
59.9209,2.3325
59.967,2.34973
60.0131,2.36695
60.0592,2.38415
60.1053,2.40134
60.1514,2.41852
60.1975,2.43568
60.2436,2.45282
60.2897,2.46994
60.3358,2.48704
60.382,2.50413
60.4281,2.52119
60.4743,2.53822
60.5204,2.55524
60.5666,2.57222
60.6128,2.58918
60.659,2.60612
60.7052,2.62302
60.7514,2.6399
60.7976,2.65674
60.8438,2.67355
60.8901,2.69032
60.9363,2.70707
60.9826,2.72377
61.0289,2.74044
61.0752,2.75707
61.1215,2.77366
61.1678,2.79021
61.2142,2.80672
61.2605,2.82318
61.3069,2.83961
61.3533,2.85598
61.3997,2.87231
61.4461,2.88859
61.4925,2.90483
61.539,2.92101
61.5855,2.93714
61.632,2.95322
61.6785,2.96925
61.725,2.98522
61.7716,3.00114
61.8181,3.017
61.8647,3.0328
61.9113,3.04854
61.958,3.06423
62.0046,3.07985
62.0513,3.0954
62.098,3.1109
62.1447,3.12633
62.1914,3.14169
62.2382,3.15699
62.2849,3.17222
62.3317,3.18738
62.3786,3.20246
62.4254,3.21748
62.4723,3.23243
62.5192,3.2473
62.5661,3.26209
62.613,3.27681
62.66,3.29145
62.707,3.30602
62.754,3.3205
62.801,3.33491
62.8481,3.34923
62.8952,3.36347
62.9423,3.37763
62.9894,3.3917
63.0366,3.40569
63.0838,3.41959
63.131,3.4334
63.1783,3.44713
63.2255,3.46077
63.2728,3.47431
63.3201,3.48776
63.3675,3.50112
63.4149,3.51439
63.4623,3.52757
63.5097,3.54064
63.5571,3.55363
63.6046,3.56651
63.6521,3.5793
63.6996,3.59199
63.7472,3.60458
63.7948,3.61706
63.8424,3.62945
63.89,3.64174
63.9377,3.65392
63.9854,3.666
64.0331,3.67797
64.0808,3.68984
64.1286,3.70161
64.1764,3.71327
64.2242,3.72482
64.2721,3.73626
64.3199,3.74759
64.3678,3.75882
64.4157,3.76994
64.4637,3.78094
64.5117,3.79184
64.5597,3.80262
64.6077,3.81329
64.6557,3.82385
64.7038,3.8343
64.7519,3.84464
64.8,3.85486
64.8482,3.86497
64.8963,3.87496
64.9445,3.88484
64.9928,3.89461
65.041,3.90425
65.0893,3.91379
65.1375,3.92321
65.1858,3.93251
65.2342,3.9417
65.2825,3.95077
65.3309,3.95973
65.3793,3.96857
65.4277,3.97729
65.4761,3.9859
65.5246,3.99439
65.5731,4.00276
65.6216,4.01102
65.6701,4.01916
65.7186,4.02718
65.7672,4.03509
65.8158,4.04289
65.8643,4.05057
65.913,4.05813
65.9616,4.06558
66.0102,4.07291
66.0589,4.08013
66.1076,4.08723
66.1563,4.09422
66.205,4.1011
66.2537,4.10786
66.3024,4.11451
66.3512,4.12105
66.4,4.12747
66.4488,4.13379
66.4976,4.13999
66.5464,4.14608
66.5952,4.15207
66.6441,4.15794
66.6929,4.1637
66.7418,4.16936
66.7907,4.17491
66.8396,4.18035
66.8885,4.18569
66.9374,4.19092
66.9863,4.19604
67.0352,4.20106
67.0842,4.20598
67.1331,4.2108
67.1821,4.21551
67.2311,4.22012
67.2801,4.22464
67.3291,4.22905
67.3781,4.23337
67.4271,4.23758
67.4761,4.2417
67.5251,4.24573
67.5742,4.24966
67.6232,4.2535
67.6723,4.25724
67.7213,4.26089
67.7704,4.26445
67.8195,4.26792
67.8686,4.27131
67.9176,4.2746
67.9667,4.27781
68.0158,4.28093
68.0649,4.28396
68.114,4.28692
68.1631,4.28978
68.2123,4.29257
68.2614,4.29528
68.3105,4.29791
68.3596,4.30046
68.4088,4.30293
68.4579,4.30532
68.507,4.30764
68.5562,4.30989
68.6053,4.31206
68.6545,4.31416
68.7036,4.3162
68.7528,4.31816
68.802,4.32005
68.8511,4.32188
68.9003,4.32364
68.9494,4.32533
68.9986,4.32697
69.0478,4.32854
69.097,4.33004
69.1461,4.33149
69.1953,4.33288
69.2445,4.33421
69.2937,4.33549
69.3428,4.33671
69.392,4.33788
69.4412,4.33899
69.4904,4.34005
69.5396,4.34106
69.5888,4.34203
69.6379,4.34294
69.6871,4.34381
69.7363,4.34463
69.7855,4.34541
69.8347,4.34614
69.8839,4.34683
69.9331,4.34748
69.9823,4.3481
70.0315,4.34867
70.0806,4.34921
70.1298,4.34971
70.179,4.35018
70.2282,4.35061
70.2774,4.35101
70.3266,4.35138
70.3758,4.35172
70.425,4.35203
70.4742,4.35232
70.5234,4.35258
70.5726,4.35281
70.6218,4.35303
70.671,4.35321
70.7202,4.35338
70.7694,4.35353
70.8185,4.35366
70.8677,4.35377
70.9169,4.35387
70.9661,4.35395
71.0153,4.35402
71.0645,4.35407
71.1137,4.35412
71.1629,4.35415
71.2121,4.35418
71.2613,4.3542
71.3105,4.35421
71.3597,4.35422
71.4089,4.35422
71.4581,4.35422
71.5073,4.35422
71.5565,4.35422
71.6047,4.35422
71.6521,4.35422
71.6985,4.35422
71.7442,4.35422
71.789,4.35422
71.833,4.35422
71.8763,4.35422
71.9189,4.35422
71.9607,4.35422
72.0019,4.35422
72.0424,4.35422
72.0823,4.35422
72.1216,4.35422
72.1602,4.35422
72.1983,4.35422
72.2358,4.35422
72.2728,4.35422
72.3093,4.35422
72.3452,4.35422
72.3807,4.35422
72.4156,4.35422
72.4501,4.35422
72.4841,4.35422
72.5177,4.35422
72.5509,4.35422
72.5836,4.35422
72.6159,4.35422
72.6479,4.35422
72.6794,4.35422
72.7105,4.35422
72.7413,4.35422
72.7717,4.35422
72.8018,4.35422
72.8315,4.35422
72.8609,4.35422
72.89,4.35422
72.9187,4.35422
72.9471,4.35422
72.9752,4.35422
73.003,4.35422
73.0306,4.35422
73.0578,4.35422
73.0848,4.35422
73.1114,4.35422
73.1379,4.35422
73.164,4.35422
73.1899,4.35422
73.2156,4.35422
73.241,4.35422
73.2661,4.35422
73.291,4.35422
73.3157,4.35422
73.3402,4.35422
73.3645,4.35422
73.3885,4.35422
73.4123,4.35422
73.4359,4.35422
73.4593,4.35422
73.4825,4.35422
73.5055,4.35422
73.5283,4.35422
73.5509,4.35422
73.5733,4.35422
73.5956,4.35422
73.6176,4.35422
73.6395,4.35422
73.6612,4.35422
73.6828,4.35422
73.7042,4.35422
73.7254,4.35422
73.7464,4.35422
73.7673,4.35422
73.788,4.35422
73.8086,4.35422
73.829,4.35422
73.8493,4.35422
73.8695,4.35422
73.8894,4.35423
73.9093,4.35423
73.929,4.35423
73.9486,4.35423
73.968,4.35423
73.9873,4.35423
74.0065,4.35423
74.0255,4.35423
74.0445,4.35423
74.0633,4.35423
74.0819,4.35423
74.1005,4.35423
74.1189,4.35423
74.1372,4.35423
74.1554,4.35423
74.1735,4.35423
74.1915,4.35423
74.2094,4.35423
74.2272,4.35423
74.2448,4.35423
74.2624,4.35423
74.2798,4.35423
74.2972,4.35423
74.3144,4.35423
74.3316,4.35423
74.3486,4.35423
74.3656,4.35423
74.3824,4.35423
74.3992,4.35423
74.4159,4.35423
74.4324,4.35423
74.4489,4.35423
74.4653,4.35423
74.4817,4.35423
74.4979,4.35423
74.5141,4.35423
74.5301,4.35423
74.5461,4.35423
74.562,4.35423
74.5778,4.35423
74.5936,4.35423
74.6093,4.35423
74.6248,4.35423
74.6404,4.35423
74.6558,4.35423
74.6712,4.35423
74.6865,4.35423
74.7017,4.35423
74.7168,4.35423
74.7319,4.35423
74.7469,4.35423
74.7619,4.35423
74.7768,4.35423
74.7916,4.35423
74.8063,4.35423
74.821,4.35423
74.8356,4.35423
74.8502,4.35423
74.8647,4.35423
74.8791,4.35423
74.8935,4.35423
74.9078,4.35423
74.9221,4.35423
74.9363,4.35423
74.9504,4.35423
74.9645,4.35423
74.9785,4.35423
74.9925,4.35423
75.0064,4.35423
75.0203,4.35423
75.0341,4.35423
75.0479,4.35423
75.0616,4.35423
75.0752,4.35423
75.0888,4.35423
75.1024,4.35423
75.1159,4.35423
75.1294,4.35423
75.1428,4.35423
75.1561,4.35423
75.1695,4.35423
75.1827,4.35423
75.1959,4.35423
75.2091,4.35423
75.2223,4.35423
75.2353,4.35423
75.2484,4.35423
75.2614,4.35423
75.2744,4.35423
75.2873,4.35423
75.3002,4.35423
75.313,4.35423
75.3258,4.35423
75.3385,4.35423
75.3513,4.35423
75.3639,4.35423
75.3766,4.35423
75.3892,4.35423
75.4017,4.35423
75.4143,4.35423
75.4267,4.35423
75.4392,4.35423
75.4516,4.35423
75.464,4.35423
75.4763,4.35423
75.4886,4.35423
75.5009,4.35423
75.5132,4.35423
75.5254,4.35423
75.5375,4.35423
75.5497,4.35423
75.5618,4.35423
75.5739,4.35423
75.5859,4.35423
75.5979,4.35423
75.6099,4.35423
75.6219,4.35423
75.6338,4.35423
75.6457,4.35423
75.6575,4.35423
75.6694,4.35423
75.6812,4.35423
75.693,4.35423
75.7047,4.35423
75.7164,4.35423
75.728,4.35423
75.7396,4.35423
75.7511,4.35423
75.7626,4.35423
75.7741,4.35423
75.7855,4.35423
75.7968,4.35423
75.8081,4.35423
75.8194,4.35423
75.8306,4.35423
75.8418,4.35423
75.8529,4.35423
75.864,4.35423
75.8751,4.35423
75.8861,4.35423
75.8971,4.35423
75.908,4.35423
75.9189,4.35423
75.9297,4.35423
75.9405,4.35423
75.9513,4.35423
75.962,4.35423
75.9727,4.35423
75.9834,4.35423
75.994,4.35423
76.0046,4.35423
76.0151,4.35423
76.0256,4.35423
76.0361,4.35423
76.0465,4.35423
76.0569,4.35423
76.0673,4.35423
76.0776,4.35423
76.0879,4.35423
76.0982,4.35423
76.1084,4.35423
76.1186,4.35423
76.1287,4.35423
76.1388,4.35423
76.1489,4.35423
76.159,4.35423
76.169,4.35423
76.179,4.35423
76.189,4.35423
76.1989,4.35423
76.2088,4.35423
76.2186,4.35423
76.2285,4.35423
76.2383,4.35423
76.2481,4.35423
76.2578,4.35423
76.2675,4.35423
76.2772,4.35423
76.2869,4.35423
76.2965,4.35423
76.3061,4.35423
76.3156,4.35423
76.3252,4.35423
76.3347,4.35423
76.3442,4.35423
76.3537,4.35423
76.3631,4.35423
76.3725,4.35423
76.3819,4.35423
76.3912,4.35423
76.4005,4.35423
76.4098,4.35423
76.4191,4.35423
76.4284,4.35423
76.4376,4.35423
76.4468,4.35423
76.456,4.35423
76.4651,4.35423
76.4742,4.35423
76.4833,4.35423
76.4924,4.35423
76.5015,4.35423
76.5105,4.35423
76.5195,4.35423
76.5285,4.35423
76.5374,4.35423
76.5464,4.35423
76.5553,4.35423
76.5642,4.35423
76.573,4.35423
76.5819,4.35423
76.5907,4.35423
76.5995,4.35423
76.6083,4.35423
76.6171,4.35423
76.6258,4.35423
76.6345,4.35423
76.6432,4.35423
76.6519,4.35423
76.6605,4.35423
76.6692,4.35423
76.6778,4.35423
76.6864,4.35423
76.695,4.35423
76.7035,4.35423
76.7121,4.35423
76.7206,4.35423
76.7291,4.35423
76.7376,4.35423
76.746,4.35423
76.7545,4.35423
76.7629,4.35423
76.7713,4.35423
76.7797,4.35423
76.788,4.35423
76.7964,4.35423
76.8047,4.35423
76.813,4.35423
76.8213,4.35423
76.8296,4.35423
76.8379,4.35423
76.8461,4.35423
76.8543,4.35423
76.8626,4.35423
76.8708,4.35423
76.8789,4.35423
76.8871,4.35423
76.8952,4.35423
76.9034,4.35423
76.9115,4.35423
76.9196,4.35423
76.9277,4.35423
76.9357,4.35423
76.9438,4.35423
76.9518,4.35423
76.9598,4.35423
76.9678,4.35423
76.9758,4.35423
76.9838,4.35423
76.9918,4.35423
76.9997,4.35423
77.0076,4.35423
77.0155,4.35423
77.0235,4.35423
77.0313,4.35423
77.0392,4.35423
77.0471,4.35423
77.0549,4.35423
77.0628,4.35423
77.0706,4.35423
77.0784,4.35423
77.0862,4.35423
77.0939,4.35423
77.1017,4.35423
77.1095,4.35423
77.1172,4.35423
77.1249,4.35423
77.1326,4.35423
77.1403,4.35423
77.148,4.35423
77.1557,4.35423
77.1634,4.35423
77.171,4.35423
77.1787,4.35423
77.1863,4.35423
77.1939,4.35423
77.2015,4.35423
77.2091,4.35423
77.2167,4.35423
77.2242,4.35423
77.2318,4.35423
77.2393,4.35423
77.2469,4.35423
77.2544,4.35423
77.2619,4.35423
77.2694,4.35423
77.2769,4.35423
77.2844,4.35423
77.2918,4.35423
77.2993,4.35423
77.3067,4.35423
77.3142,4.35423
77.3216,4.35423
77.329,4.35423
77.3364,4.35423
77.3438,4.35423
77.3512,4.35423
77.3585,4.35423
77.3659,4.35423
77.3733,4.35423
77.3806,4.35423
77.3879,4.35423
77.3953,4.35423
77.4026,4.35423
77.4099,4.35423
77.4172,4.35423
77.4244,4.35423
77.4317,4.35423
77.439,4.35423
77.4462,4.35423
77.4535,4.35423
77.4607,4.35423
77.4689,4.35423
77.4781,4.35423
77.4882,4.35423
77.4992,4.35423
77.5111,4.35423
77.524,4.35423
77.5378,4.35423
77.5524,4.35423
77.5679,4.35423
77.5843,4.35423
77.6016,4.35423
77.6197,4.35423
77.6386,4.35423
77.6583,4.35423
77.6789,4.35423
77.7002,4.35423
77.7223,4.35423
77.7452,4.35423
77.7689,4.35423
77.7932,4.35423
77.8183,4.35423
77.8441,4.35423
77.8706,4.35423
77.8978,4.35423
77.9256,4.35423
77.9541,4.35423
77.9832,4.35423
78.013,4.35423
78.0433,4.35423
78.0743,4.35423
78.1058,4.35423
78.1379,4.35423
78.1705,4.35423
78.2037,4.35423
78.2374,4.35423
78.2716,4.35423
78.3063,4.35423
78.3414,4.35423
78.3771,4.35423
78.4132,4.35423
78.4497,4.35423
78.4867,4.35423
78.524,4.35423
78.5618,4.35423
78.6,4.35423
78.6385,4.35423
78.6774,4.35423
78.7167,4.35423
78.7563,4.35423
78.7963,4.35423
78.8366,4.35423
78.8772,4.35423
78.9181,4.35423
78.9593,4.35423
79.0007,4.35423
79.0425,4.35423
79.0845,4.35423
79.1268,4.35423
79.1693,4.35423
79.2121,4.35423
79.2551,4.35423
79.2983,4.35423
79.3418,4.35423
79.3854,4.35423
79.4293,4.35423
79.4733,4.35423
79.5176,4.35423
79.562,4.35423
79.6066,4.35423
79.6514,4.35423
79.6963,4.35423
79.7414,4.35423
79.7866,4.35423
79.832,4.35423
79.8775,4.35423
79.9232,4.35423
79.969,4.35423
80.0149,4.35423
80.061,4.35423
80.1071,4.35423
80.1534,4.35423
80.1998,4.35423
80.2463,4.35423
80.2929,4.35423
80.3396,4.35423
80.3864,4.35423
80.4333,4.35423
80.4802,4.35423
80.5273,4.35423
80.5744,4.35423
80.6216,4.35423
80.6689,4.35423
80.7163,4.35423
80.7637,4.35423
80.8112,4.35423
80.8588,4.35423
80.9064,4.35423
80.9541,4.35423
81.0018,4.35423
81.0496,4.35423
81.0975,4.35423
81.1454,4.35423
81.1933,4.35423
81.2413,4.35423
81.2894,4.35423
81.3375,4.35423
81.3856,4.35423
81.4338,4.35423
81.482,4.35423
81.5302,4.35423
81.5785,4.35423
81.6268,4.35423
81.6752,4.35423
81.7236,4.35423
81.772,4.35423
81.8204,4.35423
81.8689,4.35423
81.9174,4.35423
81.9659,4.35423
82.0145,4.35423
82.0631,4.35423
82.1117,4.35423
82.1603,4.35423
82.2089,4.35423
82.2576,4.35423
82.3063,4.35423
82.355,4.35423
82.4037,4.35423
82.4525,4.35423
82.5012,4.35423
82.55,4.35423
82.5988,4.35423
82.6476,4.35423
82.6965,4.35423
82.7453,4.35423
82.7942,4.35423
82.843,4.35423
82.8919,4.35423
82.9408,4.35423
82.9897,4.35423
83.0386,4.35423
83.0875,4.35423
83.1365,4.35423
83.1854,4.35423
83.2344,4.35423
83.2833,4.35423
83.3323,4.35423
83.3813,4.35423
83.4303,4.35423
83.4793,4.35423
83.5283,4.35423
83.5773,4.35423
83.6263,4.35423
83.6753,4.35423
83.7244,4.35423
83.7734,4.35423
83.8225,4.35423
83.8715,4.35423
83.9206,4.35423
83.9696,4.35423
84.0187,4.35423
84.0678,4.35423
84.1169,4.35423
84.1659,4.35423
84.215,4.35423
84.2641,4.35423
84.3132,4.35424
84.3623,4.35424
84.4114,4.35424
84.4605,4.35424
84.5096,4.35424
84.5587,4.35424
84.6078,4.35424
84.657,4.35424
84.7061,4.35424
84.7552,4.35424
84.8043,4.35424
84.8535,4.35424
84.9026,4.35424
84.9517,4.35424
85.0009,4.35424
85.05,4.35424
85.0992,4.35424
85.1483,4.35424
85.1974,4.35424
85.2466,4.35424
85.2957,4.35424
85.3449,4.35424
85.394,4.35424
85.4432,4.35424
85.4923,4.35424
85.5415,4.35424
85.5907,4.35424
85.6398,4.35424
85.689,4.35424
85.7381,4.35424
85.7873,4.35424
85.8365,4.35424
85.8856,4.35424
85.9348,4.35424
85.984,4.35424
86.0332,4.35424
86.0823,4.35424
86.1315,4.35424
86.1807,4.35424
86.2298,4.35424
86.279,4.35424
86.3282,4.35424
86.3774,4.35424
86.4265,4.35424
86.4757,4.35424
86.5249,4.35424
86.5741,4.35424
86.6233,4.35424
86.6724,4.35424
86.7216,4.35424
86.7708,4.35424
86.82,4.35424
86.8692,4.35424
86.9183,4.35424
86.9675,4.35424
87.0167,4.35424
87.0659,4.35424
87.1151,4.35424
87.1643,4.35424
87.2134,4.35424
87.2626,4.35424
87.3118,4.35424
87.361,4.35424
87.4102,4.35424
87.4594,4.35424
87.5086,4.35424
87.5577,4.35424
87.6069,4.35424
87.6561,4.35424
87.7053,4.35424
87.7545,4.35424
87.8037,4.35424
87.8529,4.35424
87.9021,4.35424
87.9513,4.35424
88.0004,4.35424
88.0496,4.35424
88.0988,4.35424
88.148,4.35424
88.1972,4.35424
88.2464,4.35424
88.2956,4.35424
88.3448,4.35424
88.394,4.35424
88.4432,4.35424
88.4923,4.35424
88.5415,4.35424
88.5907,4.35424
88.6399,4.35424
88.6891,4.35424
88.7383,4.35424
88.7875,4.35424
88.8367,4.35424
88.8859,4.35424
88.9351,4.35424
88.9843,4.35424
89.0335,4.35424
89.0827,4.35424
89.1318,4.35424
89.181,4.35424
89.2302,4.35424
89.2794,4.35424
89.3286,4.35424
89.3778,4.35424
89.427,4.35424
89.4762,4.35424
89.5254,4.35424
89.5746,4.35424
89.6238,4.35424
89.673,4.35424
89.7222,4.35424
89.7714,4.35424
89.8205,4.35424
89.8697,4.35424
89.9189,4.35424
89.9681,4.35424
90.0173,4.35424
90.0665,4.35424
90.1157,4.35424
90.1649,4.35424
90.2141,4.35424
90.2633,4.35424
90.3125,4.35424
90.3617,4.35424
90.4109,4.35424
90.4601,4.35424
90.5093,4.35424
90.5585,4.35424
90.6077,4.35424
90.6568,4.35424
90.706,4.35424
90.7552,4.35424
90.8044,4.35424
90.8536,4.35424
90.9028,4.35424
90.952,4.35424
91.0012,4.35424
91.0504,4.35424
91.0996,4.35424
91.1488,4.35424
91.198,4.35424
91.2472,4.35424
91.2964,4.35424
91.3456,4.35424
91.3948,4.35424
91.444,4.35424
91.4931,4.35424
91.5423,4.35424
91.5915,4.35424
91.6407,4.35424
91.6899,4.35424
91.7391,4.35424
91.7883,4.35424
91.8375,4.35424
91.8867,4.35424
91.9359,4.35424
91.9851,4.35424
92.0343,4.35424
92.0835,4.35424
92.1327,4.35424
92.1819,4.35424
92.2311,4.35424
92.2803,4.35424
92.3295,4.35424
92.3787,4.35424
92.4278,4.35424
92.477,4.35424
92.5262,4.35424
92.5754,4.35424
92.6246,4.35424
92.6738,4.35424
92.723,4.35424
92.7722,4.35424
92.8214,4.35424
92.8706,4.35424
92.9198,4.35424
92.969,4.35424
93.0182,4.35424
93.0674,4.35424
93.1166,4.35424
93.1658,4.35425
93.215,4.35425
93.2642,4.35425
93.3133,4.35425
93.3625,4.35425
93.4117,4.35425
93.4609,4.35425
93.5101,4.35425
93.5593,4.35425
93.6085,4.35425
93.6577,4.35425
93.7069,4.35425
93.7561,4.35425
93.8053,4.35425
93.8545,4.35425
93.9037,4.35425
93.9529,4.35425
94.0021,4.35425
94.0513,4.35425
94.1005,4.35425
94.1497,4.35425
94.1989,4.35425
94.248,4.35425
94.2972,4.35425
94.3464,4.35425
94.3956,4.35425
94.4448,4.35425
94.494,4.35425
94.5432,4.35425
94.5924,4.35425
94.6416,4.35425
94.6908,4.35425
94.74,4.35425
94.7892,4.35425
94.8384,4.35425
94.8876,4.35425
94.9368,4.35425
94.986,4.35425
95.0352,4.35425
95.0844,4.35425
95.1336,4.35425
95.1827,4.35425
95.2319,4.35425
95.2811,4.35425
95.3303,4.35425
95.3795,4.35425
95.4287,4.35425
95.4779,4.35425
95.5271,4.35425
95.5763,4.35425
95.6255,4.35425
95.6747,4.35425
95.7239,4.35425
95.7731,4.35425
95.8223,4.35425
95.8715,4.35425
95.9207,4.35425
95.9699,4.35425
96.0191,4.35425
96.0683,4.35425
96.1174,4.35425
96.1666,4.35425
96.2158,4.35425
96.265,4.35425
96.3142,4.35425
96.3634,4.35425
96.4126,4.35425
96.4618,4.35425
96.511,4.35425
96.5602,4.35425
96.6094,4.35425
96.6586,4.35425
96.7078,4.35425
96.757,4.35425
96.8062,4.35425
96.8554,4.35425
96.9046,4.35425
96.9538,4.35425
97.003,4.35425
97.0521,4.35425
97.1013,4.35425
97.1505,4.35425
97.1997,4.35425
97.2489,4.35425
97.2981,4.35425
97.3473,4.35425
97.3965,4.35425
97.4457,4.35425
97.4949,4.35425
97.5441,4.35425
97.5933,4.35425
97.6425,4.35425
97.6917,4.35425
97.7409,4.35425
97.7901,4.35425
97.8393,4.35425
97.8885,4.35425
97.9377,4.35425
97.9868,4.35425
98.036,4.35425
98.0852,4.35425
98.1344,4.35425
98.1836,4.35425
98.2328,4.35425
98.282,4.35425
98.3312,4.35425
98.3804,4.35425
98.4296,4.35425
98.4788,4.35425
98.528,4.35425
98.5772,4.35425
98.6264,4.35425
98.6756,4.35425
98.7248,4.35425
98.774,4.35425
98.8232,4.35425
98.8724,4.35425
98.9215,4.35425
98.9707,4.35425
99.0199,4.35425
99.0691,4.35425
99.1183,4.35425
99.1675,4.35425
99.2167,4.35425
99.2659,4.35425
99.3151,4.35425
99.3643,4.35425
99.4135,4.35425
99.4627,4.35425
99.5119,4.35425
99.5611,4.35425
99.6103,4.35425
99.6595,4.35425
99.7087,4.35425
99.7579,4.35425
99.8071,4.35425
99.8562,4.35425
99.9054,4.35425
99.9546,4.35425
100.004,4.35425
100.053,4.35425
100.102,4.35425
100.151,4.35425
100.201,4.35425
100.25,4.35425
100.299,4.35425
100.348,4.35425
100.397,4.35425
100.447,4.35425
100.496,4.35425
100.545,4.35425
100.594,4.35425
100.643,4.35425
100.693,4.35425
100.742,4.35425
100.791,4.35425
100.84,4.35425
100.889,4.35425
100.939,4.35425
100.988,4.35426
101.037,4.35426
101.086,4.35426
101.135,4.35426
101.185,4.35426
101.234,4.35426
101.283,4.35426
101.332,4.35426
101.381,4.35426
101.43,4.35426
101.48,4.35426
101.529,4.35426
101.578,4.35426
101.627,4.35426
101.676,4.35426
101.726,4.35426
101.775,4.35426
101.824,4.35426
101.873,4.35426
101.922,4.35426
101.972,4.35426
102.021,4.35426
102.07,4.35426
102.119,4.35426
102.168,4.35426
102.218,4.35426
102.267,4.35426
102.316,4.35426
102.365,4.35426
102.414,4.35426
102.464,4.35426
102.513,4.35426
102.562,4.35426
102.611,4.35426
102.66,4.35426
102.71,4.35426
102.759,4.35426
102.808,4.35426
102.857,4.35426
102.906,4.35426
102.956,4.35426
103.005,4.35426
103.054,4.35426
103.103,4.35426
103.152,4.35426
103.201,4.35426
103.251,4.35426
103.3,4.35426
103.349,4.35426
103.398,4.35426
103.447,4.35426
103.497,4.35426
103.546,4.35426
103.595,4.35426
103.644,4.35426
103.693,4.35426
103.743,4.35426
103.792,4.35426
103.841,4.35426
103.89,4.35426
103.939,4.35426
103.989,4.35426
104.038,4.35426
104.087,4.35426
104.136,4.35426
104.185,4.35426
104.235,4.35426
104.284,4.35426
104.333,4.35426
104.382,4.35426
104.431,4.35426
104.481,4.35426
104.53,4.35426
104.579,4.35426
104.628,4.35426
104.677,4.35426
104.727,4.35426
104.776,4.35426
104.825,4.35426
104.874,4.35426
104.923,4.35426
104.973,4.35426
105.022,4.35426
105.071,4.35426
105.12,4.35426
105.169,4.35426
105.218,4.35426
105.268,4.35426
105.317,4.35426
105.366,4.35426
105.415,4.35426
105.464,4.35426
105.514,4.35426
105.563,4.35426
105.612,4.35426
105.661,4.35426
105.71,4.35426
105.76,4.35426
105.809,4.35426
105.858,4.35426
105.907,4.35426
105.956,4.35426
106.006,4.35426
106.055,4.35426
106.104,4.35426
106.153,4.35426
106.202,4.35426
106.252,4.35426
106.301,4.35426
106.35,4.35426
106.399,4.35426
106.448,4.35426
106.498,4.35426
106.547,4.35426
106.596,4.35426
106.645,4.35426
106.694,4.35426
106.744,4.35426
106.793,4.35426
106.842,4.35426
106.891,4.35426
106.94,4.35426
106.989,4.35426
107.039,4.35426
107.088,4.35426
107.137,4.35426
107.186,4.35426
107.235,4.35426
107.285,4.35426
107.334,4.35426
107.383,4.35426
107.432,4.35426
107.481,4.35426
107.531,4.35426
107.58,4.35426
107.629,4.35426
107.678,4.35426
107.727,4.35426
107.777,4.35426
107.826,4.35426
107.875,4.35426
107.924,4.35426
107.973,4.35426
108.023,4.35426
108.072,4.35427
108.121,4.35427
108.17,4.35427
108.219,4.35427
108.269,4.35427
108.318,4.35427
108.367,4.35427
108.416,4.35427
108.465,4.35427
108.515,4.35427
108.564,4.35427
108.613,4.35427
108.662,4.35427
108.711,4.35427
108.76,4.35427
108.81,4.35427
108.859,4.35427
108.908,4.35427
108.957,4.35427
109.006,4.35427
109.056,4.35427
109.105,4.35427
109.154,4.35427
109.203,4.35427
109.252,4.35427
109.302,4.35427
109.351,4.35427
109.4,4.35427
109.449,4.35427
109.498,4.35427
109.548,4.35427
109.597,4.35427
109.646,4.35427
109.695,4.35427
109.744,4.35427
109.794,4.35427
109.843,4.35427
109.892,4.35427
109.941,4.35427
109.99,4.35427
110.04,4.35427
110.089,4.35427
110.138,4.35427
110.187,4.35427
110.236,4.35427
110.286,4.35427
110.335,4.35427
110.384,4.35427
110.433,4.35427
110.482,4.35427
110.532,4.35427
110.581,4.35427
110.63,4.35427
110.679,4.35427
110.728,4.35427
110.777,4.35427
110.827,4.35427
110.876,4.35427
110.925,4.35427
110.974,4.35427
111.023,4.35427
111.073,4.35427
111.122,4.35427
111.171,4.35427
111.22,4.35427
111.269,4.35427
111.319,4.35427
111.368,4.35427
111.417,4.35427
111.466,4.35427
111.515,4.35427
111.565,4.35427
111.614,4.35427
111.663,4.35427
111.712,4.35427
111.761,4.35427
111.811,4.35427
111.86,4.35427
111.909,4.35427
111.958,4.35427
112.007,4.35427
112.057,4.35427
112.106,4.35427
112.155,4.35427
112.204,4.35427
112.253,4.35427
112.303,4.35427
112.352,4.35427
112.401,4.35427
112.45,4.35427
112.499,4.35427
112.548,4.35427
112.598,4.35427
112.647,4.35427
112.696,4.35427
112.745,4.35427
112.794,4.35427
112.844,4.35427
112.893,4.35427
112.942,4.35427
112.991,4.35427
113.04,4.35427
113.09,4.35427
113.139,4.35427
113.188,4.35427
113.237,4.35427
113.286,4.35427
113.336,4.35427
113.385,4.35427
113.434,4.35427
113.483,4.35427
113.532,4.35427
113.582,4.35427
113.631,4.35427
113.68,4.35427
113.729,4.35427
113.778,4.35427
113.828,4.35427
113.877,4.35427
113.926,4.35427
113.975,4.35427
114.024,4.35427
114.074,4.35427
114.123,4.35427
114.172,4.35427
114.221,4.35427
114.27,4.35427
114.32,4.35427
114.369,4.35427
114.418,4.35427
114.467,4.35427
114.516,4.35427
114.565,4.35427
114.615,4.35427
114.664,4.35428
114.713,4.35428
114.762,4.35428
114.811,4.35428
114.861,4.35428
114.91,4.35428
114.959,4.35428
115.008,4.35428
115.057,4.35428
115.107,4.35428
115.156,4.35428
115.205,4.35428
115.254,4.35428
115.303,4.35428
115.353,4.35428
115.402,4.35428
115.451,4.35428
115.5,4.35428
115.549,4.35428
115.599,4.35428
115.648,4.35428
115.697,4.35428
115.746,4.35428
115.795,4.35428
115.845,4.35428
115.894,4.35428
115.943,4.35428
115.992,4.35428
116.041,4.35428
116.091,4.35428
116.14,4.35428
116.189,4.35428
116.238,4.35428
116.287,4.35428
116.336,4.35428
116.386,4.35428
116.435,4.35428
116.484,4.35428
116.533,4.35428
116.582,4.35428
116.632,4.35428
116.681,4.35428
116.73,4.35428
116.779,4.35428
116.828,4.35428
116.878,4.35428
116.927,4.35428
116.976,4.35428
117.025,4.35428
117.074,4.35428
117.124,4.35428
117.173,4.35428
117.222,4.35428
117.271,4.35428
117.32,4.35428
117.37,4.35428
117.419,4.35428
117.468,4.35428
117.517,4.35428
117.566,4.35428
117.616,4.35428
117.665,4.35428
117.714,4.35428
117.763,4.35428
117.812,4.35428
117.862,4.35428
117.911,4.35428
117.96,4.35428
118.009,4.35428
118.058,4.35428
118.108,4.35428
118.157,4.35428
118.206,4.35428
118.255,4.35428
118.304,4.35428
118.353,4.35428
118.403,4.35428
118.452,4.35428
118.501,4.35428
118.55,4.35428
118.599,4.35428
118.649,4.35428
118.698,4.35428
118.747,4.35428
118.796,4.35428
118.845,4.35428
118.895,4.35428
118.944,4.35428
118.993,4.35428
119.042,4.35428
119.091,4.35428
119.141,4.35428
119.19,4.35428
119.239,4.35428
119.288,4.35428
119.337,4.35428
119.387,4.35428
119.436,4.35428
119.485,4.35428
119.534,4.35428
119.583,4.35428
119.633,4.35428
119.682,4.35428
119.731,4.35428
119.78,4.35428
119.829,4.35428
119.879,4.35428
119.928,4.35428
119.977,4.35428
120.026,4.35428
120.075,4.35428
120.124,4.35428
120.174,4.35428
120.223,4.35428
120.272,4.35428
120.321,4.35428
120.37,4.35428
120.42,4.35428
120.469,4.35428
120.518,4.35428
120.567,4.35428
120.616,4.35428
120.666,4.35428
120.715,4.35428
120.764,4.35429
120.813,4.35429
120.862,4.35429
120.912,4.35429
120.961,4.35429
121.01,4.35429
121.059,4.35429
121.108,4.35429
121.158,4.35429
121.207,4.35429
121.256,4.35429
121.305,4.35429
121.354,4.35429
121.404,4.35429
121.453,4.35429
121.502,4.35429
121.551,4.35429
121.6,4.35429
121.65,4.35429
121.699,4.35429
121.748,4.35429
121.797,4.35429
121.846,4.35429
121.895,4.35429
121.945,4.35429
121.994,4.35429
122.043,4.35429
122.092,4.35429
122.141,4.35429
122.191,4.35429
122.24,4.35429
122.289,4.35429
122.338,4.35429
122.387,4.35429
122.437,4.35429
122.486,4.35429
122.535,4.35429
122.584,4.35429
122.633,4.35429
122.683,4.35429
122.732,4.35429
122.781,4.35429
122.83,4.35429
122.879,4.35429
122.929,4.35429
122.978,4.35429
123.027,4.35429
123.076,4.35429
123.125,4.35429
123.175,4.35429
123.224,4.35429
123.273,4.35429
123.322,4.35429
123.371,4.35429
123.421,4.35429
123.47,4.35429
123.519,4.35429
123.568,4.35429
123.617,4.35429
123.667,4.35429
123.716,4.35429
123.765,4.35429
123.814,4.35429
123.863,4.35429
123.912,4.35429
123.962,4.35429
124.011,4.35429
124.06,4.35429
124.109,4.35429
124.158,4.35429
124.208,4.35429
124.257,4.35429
124.306,4.35429
124.355,4.35429
124.404,4.35429
124.454,4.35429
124.503,4.35429
124.552,4.35429
124.601,4.35429
124.65,4.35429
124.7,4.35429
124.749,4.35429
124.798,4.35429
124.847,4.35429
124.896,4.35429
124.946,4.35429
124.995,4.35429
125.044,4.35429
125.093,4.35429
125.142,4.35429
125.192,4.35429
125.241,4.35429
125.29,4.35429
125.338,4.35405
125.386,4.35359
125.432,4.35291
125.478,4.35203
125.522,4.35096
125.566,4.34972
125.61,4.3483
125.652,4.34672
125.694,4.34499
125.735,4.34311
125.775,4.3411
125.815,4.33896
125.854,4.33669
125.893,4.33431
125.93,4.33181
125.968,4.32921
126.005,4.32651
126.041,4.32371
126.076,4.32083
126.112,4.31785
126.146,4.3148
126.181,4.31166
126.214,4.30846
126.248,4.30518
126.28,4.30183
126.313,4.29842
126.345,4.29495
126.376,4.29142
126.407,4.28783
126.438,4.28419
126.468,4.2805
126.498,4.27676
126.528,4.27298
126.557,4.26915
126.586,4.26528
126.615,4.26137
126.643,4.25743
126.671,4.25344
126.699,4.24943
126.726,4.24538
126.753,4.24129
126.779,4.23718
126.806,4.23304
126.832,4.22888
126.858,4.22469
126.883,4.22047
126.909,4.21623
126.934,4.21197
126.958,4.20769
126.983,4.20339
127.007,4.19907
127.031,4.19473
127.055,4.19037
127.078,4.186
127.102,4.18161
127.125,4.17721
127.147,4.17279
127.17,4.16837
127.192,4.16393
127.215,4.15947
127.237,4.15501
127.258,4.15054
127.28,4.14606
127.301,4.14156
127.323,4.13706
127.344,4.13256
127.365,4.12804
127.385,4.12352
127.406,4.11899
127.426,4.11445
127.446,4.10991
127.466,4.10537
127.486,4.10082
127.505,4.09626
127.525,4.09171
127.544,4.08714
127.563,4.08258
127.582,4.07801
127.601,4.07344
127.62,4.06887
127.638,4.06429
127.657,4.05972
127.675,4.05514
127.693,4.05056
127.711,4.04598
127.729,4.0414
127.746,4.03682
127.764,4.03224
127.781,4.02766
127.799,4.02308
127.816,4.01851
127.833,4.01393
127.85,4.00935
127.867,4.00477
127.883,4.0002
127.9,3.99563
127.916,3.99105
127.933,3.98648
127.949,3.98192
127.965,3.97735
127.981,3.97279
127.997,3.96822
128.013,3.96367
128.028,3.95911
128.044,3.95456
128.059,3.95001
128.075,3.94546
128.09,3.94091
128.105,3.93637
128.12,3.93183
128.135,3.9273
128.15,3.92277
128.165,3.91824
128.179,3.91371
128.194,3.90919
128.208,3.90468
128.223,3.90016
128.237,3.89565
128.251,3.89115
128.266,3.88665
128.28,3.88215
128.294,3.87766
128.307,3.87317
128.321,3.86868
128.335,3.8642
128.349,3.85973
128.362,3.85525
128.376,3.85079
128.389,3.84632
128.402,3.84186
128.416,3.83741
128.429,3.83296
128.442,3.82851
128.455,3.82407
128.468,3.81964
128.481,3.81521
128.494,3.81078
128.506,3.80636
128.519,3.80194
128.532,3.79753
128.544,3.79312
128.557,3.78872
128.569,3.78432
128.581,3.77993
128.594,3.77554
128.606,3.77115
128.618,3.76677
128.63,3.7624
128.642,3.75803
128.654,3.75367
128.666,3.74931
128.678,3.74495
128.69,3.7406
128.701,3.73625
128.713,3.73191
128.725,3.72758
128.736,3.72325
128.748,3.71892
128.759,3.7146
128.771,3.71028
128.782,3.70597
128.793,3.70167
128.804,3.69736
128.816,3.69307
128.827,3.68877
128.838,3.68449
128.849,3.6802
128.86,3.67593
128.871,3.67165
128.882,3.66738
128.892,3.66312
128.903,3.65886
128.914,3.65461
128.925,3.65036
128.935,3.64611
128.946,3.64187
128.956,3.63763
128.967,3.6334
128.977,3.62918
128.988,3.62495
128.998,3.62074
129.008,3.61652
129.018,3.61232
129.029,3.60811
129.039,3.60391
129.049,3.59972
129.059,3.59553
129.069,3.59134
129.079,3.58716
129.089,3.58298
129.099,3.57881
129.109,3.57464
129.119,3.57048
129.129,3.56632
129.138,3.56216
129.148,3.55801
129.158,3.55386
129.167,3.54972
129.177,3.54558
129.187,3.54145
129.196,3.53732
129.206,3.53319
129.215,3.52907
129.224,3.52495
129.234,3.52084
129.243,3.51673
129.252,3.51262
129.262,3.50852
129.271,3.50442
129.28,3.50033
129.289,3.49624
129.299,3.49215
129.308,3.48807
129.317,3.48399
129.326,3.47992
129.335,3.47585
129.344,3.47178
129.353,3.46772
129.362,3.46366
129.371,3.4596
129.379,3.45555
129.388,3.4515
129.397,3.44745
129.406,3.44341
129.415,3.43938
129.423,3.43534
129.432,3.43131
129.441,3.42728
129.449,3.42326
129.458,3.41924
129.466,3.41522
129.475,3.41121
129.483,3.4072
129.492,3.40319
129.5,3.39919
129.509,3.39519
129.517,3.39119
129.525,3.3872
129.534,3.38321
129.542,3.37922
129.55,3.37523
129.559,3.37125
129.567,3.36727
129.575,3.3633
129.583,3.35933
129.591,3.35536
129.6,3.35139
129.608,3.34743
129.616,3.34347
129.624,3.33951
129.632,3.33556
129.64,3.33161
129.648,3.32766
129.656,3.32371
129.664,3.31977
129.672,3.31583
129.68,3.31189
129.687,3.30795
129.695,3.30402
129.703,3.30009
129.711,3.29617
129.719,3.29224
129.726,3.28832
129.734,3.2844
129.742,3.28048
129.75,3.27657
129.757,3.27266
129.765,3.26875
129.773,3.26484
129.78,3.26093
129.788,3.25703
129.795,3.25313
129.803,3.24923
129.81,3.24534
129.818,3.24145
129.825,3.23755
129.833,3.23367
129.84,3.22978
129.848,3.22589
129.855,3.22201
129.863,3.21813
129.87,3.21425
129.877,3.21038
129.885,3.2065
129.892,3.20263
129.899,3.19876
129.906,3.19489
129.914,3.19103
129.921,3.18716
129.928,3.1833
129.935,3.17944
129.943,3.17558
129.95,3.17172
129.957,3.16787
129.964,3.16401
129.971,3.16016
129.978,3.15631
129.985,3.15246
129.992,3.14861
129.999,3.14477
130.007,3.14093
130.014,3.13708
130.021,3.13324
130.028,3.1294
130.035,3.12557
130.041,3.12173
130.048,3.1179
130.055,3.11406
130.062,3.11023
130.069,3.1064
130.076,3.10257
130.083,3.09874
130.09,3.09492
130.097,3.09109
130.103,3.08727
130.11,3.08345
130.117,3.07963
130.124,3.07581
130.13,3.07199
130.137,3.06817
130.144,3.06435
130.151,3.06054
130.157,3.05672
130.164,3.05291
130.171,3.0491
130.177,3.04529
130.184,3.04148
130.191,3.03767
130.197,3.03386
130.204,3.03005
130.21,3.02625
130.217,3.02244
130.224,3.01864
130.23,3.01483
130.237,3.01103
130.243,3.00723
130.25,3.00343
130.256,2.99963
130.263,2.99583
130.269,2.99203
130.276,2.98823
130.282,2.98443
130.289,2.98064
130.295,2.97684
130.301,2.97305
130.308,2.96925
130.314,2.96546
130.321,2.96166
130.327,2.95787
130.333,2.95408
130.34,2.95029
130.346,2.9465
130.352,2.9427
130.359,2.93891
130.365,2.93512
130.371,2.93133
130.377,2.92754
130.384,2.92376
130.39,2.91997
130.396,2.91618
130.402,2.91239
130.409,2.9086
130.415,2.90482
130.421,2.90103
130.427,2.89724
130.433,2.89346
130.44,2.88967
130.446,2.88588
130.452,2.8821
130.458,2.87831
130.464,2.87453
130.47,2.87074
130.476,2.86696
130.483,2.86317
130.489,2.85939
130.495,2.8556
130.501,2.85182
130.507,2.84803
130.513,2.84425
130.519,2.84046
130.525,2.83668
130.531,2.83289
130.537,2.82911
130.543,2.82532
130.549,2.82154
130.555,2.81775
130.561,2.81397
130.567,2.81018
130.573,2.80639
130.579,2.80261
130.585,2.79882
130.591,2.79504
130.597,2.79125
130.602,2.78746
130.608,2.78368
130.614,2.77989
130.62,2.7761
130.626,2.77231
130.632,2.76853
130.638,2.76474
130.644,2.76095
130.649,2.75716
130.655,2.75337
130.661,2.74958
130.667,2.74579
130.673,2.742
130.678,2.73821
130.684,2.73442
130.69,2.73062
130.696,2.72683
130.702,2.72304
130.707,2.71924
130.713,2.71545
130.719,2.71166
130.725,2.70786
130.73,2.70406
130.736,2.70027
130.742,2.69647
130.747,2.69267
130.753,2.68888
130.759,2.68508
130.765,2.68128
130.77,2.67748
130.776,2.67368
130.782,2.66987
130.787,2.66607
130.793,2.66227
130.798,2.65847
130.804,2.65466
130.81,2.65086
130.815,2.64705
130.821,2.64324
130.827,2.63944
130.832,2.63563
130.838,2.63182
130.843,2.62801
130.849,2.6242
130.854,2.62039
130.86,2.61658
130.866,2.61276
130.871,2.60895
130.877,2.60513
130.882,2.60132
130.888,2.5975
130.893,2.59368
130.899,2.58986
130.904,2.58604
130.91,2.58222
130.915,2.5784
130.921,2.57458
130.926,2.57076
130.932,2.56693
130.937,2.56311
130.943,2.55928
130.948,2.55545
130.953,2.55162
130.959,2.54779
130.964,2.54396
130.97,2.54013
130.975,2.5363
130.981,2.53246
130.986,2.52863
130.991,2.52479
130.997,2.52095
131.002,2.51711
131.008,2.51327
131.013,2.50943
131.018,2.50559
131.024,2.50175
131.029,2.4979
131.034,2.49406
131.04,2.49021
131.045,2.48636
131.05,2.48251
131.056,2.47866
131.061,2.47481
131.066,2.47095
131.072,2.4671
131.077,2.46324
131.082,2.45939
131.088,2.45553
131.093,2.45167
131.098,2.44781
131.104,2.44394
131.109,2.44008
131.114,2.43621
131.119,2.43235
131.125,2.42848
131.13,2.42461
131.135,2.42074
131.14,2.41687
131.146,2.41299
131.151,2.40912
131.156,2.40524
131.161,2.40136
131.167,2.39748
131.172,2.3936
131.177,2.38972
131.182,2.38584
131.187,2.38195
131.193,2.37805
131.198,2.37413
131.203,2.37019
131.208,2.36623
131.214,2.36225
131.219,2.35826
131.224,2.35425
131.23,2.35022
131.235,2.34618
131.241,2.34212
131.246,2.33804
131.252,2.33395
131.257,2.32984
131.263,2.32572
131.268,2.32158
131.274,2.31742
131.279,2.31325
131.285,2.30907
131.291,2.30487
131.296,2.30065
131.302,2.29642
131.308,2.29218
131.313,2.28792
131.319,2.28365
131.325,2.27936
131.33,2.27506
131.336,2.27075
131.342,2.26642
131.348,2.26208
131.354,2.25773
131.36,2.25336
131.365,2.24898
131.371,2.24459
131.377,2.24019
131.383,2.23577
131.389,2.23134
131.395,2.2269
131.401,2.22245
131.407,2.21798
131.413,2.21351
131.419,2.20902
131.425,2.20452
131.431,2.20001
131.437,2.19549
131.443,2.19096
131.449,2.18642
131.455,2.18186
131.461,2.1773
131.467,2.17272
131.474,2.16814
131.48,2.16354
131.486,2.15894
131.492,2.15432
131.498,2.14969
131.504,2.14506
131.511,2.14041
131.517,2.13576
131.523,2.13109
131.529,2.12642
131.536,2.12174
131.542,2.11704
131.548,2.11234
131.555,2.10763
131.561,2.10291
131.567,2.09818
131.574,2.09345
131.58,2.0887
131.586,2.08395
131.593,2.07919
131.599,2.07441
131.605,2.06964
131.612,2.06485
131.618,2.06005
131.625,2.05525
131.631,2.05044
131.638,2.04562
131.644,2.04079
131.65,2.03596
131.657,2.03112
131.663,2.02627
131.67,2.02141
131.676,2.01655
131.683,2.01168
131.689,2.0068
131.696,2.00192
131.703,1.99702
131.709,1.99212
131.716,1.98722
131.722,1.98231
131.729,1.97739
131.735,1.97246
131.742,1.96753
131.749,1.96259
131.755,1.95765
131.762,1.95269
131.769,1.94774
131.775,1.94277
131.782,1.9378
131.788,1.93283
131.795,1.92785
131.802,1.92286
131.808,1.91786
131.815,1.91287
131.822,1.90786
131.829,1.90285
131.835,1.89783
131.842,1.89281
131.849,1.88778
131.855,1.88275
131.862,1.87771
131.869,1.87267
131.876,1.86762
131.882,1.86257
131.889,1.85751
131.896,1.85245
131.903,1.84738
131.91,1.8423
131.916,1.83722
131.923,1.83214
131.93,1.82705
131.937,1.82196
131.944,1.81686
131.95,1.81176
131.957,1.80665
131.964,1.80154
131.971,1.79642
131.978,1.7913
131.985,1.78618
131.992,1.78105
131.998,1.77592
132.005,1.77078
132.012,1.76564
132.019,1.76049
132.026,1.75534
132.033,1.75019
132.04,1.74503
132.047,1.73987
132.054,1.7347
132.061,1.72953
132.067,1.72436
132.074,1.71918
132.081,1.714
132.088,1.70881
132.095,1.70362
132.102,1.69843
132.109,1.69323
132.116,1.68803
132.123,1.68283
132.13,1.67762
132.137,1.67241
132.144,1.6672
132.151,1.66198
132.158,1.65676
132.165,1.65154
132.172,1.64631
132.179,1.64108
132.186,1.63585
132.193,1.63061
132.2,1.62537
132.207,1.62013
132.214,1.61489
132.221,1.60964
132.228,1.60438
132.235,1.59913
132.242,1.59387
132.249,1.58861
132.256,1.58335
132.263,1.57808
132.27,1.57281
132.277,1.56754
132.284,1.56227
132.291,1.55699
132.299,1.55171
132.306,1.54643
132.313,1.54114
132.32,1.53585
132.327,1.53056
132.334,1.52527
132.341,1.51998
132.348,1.51468
132.355,1.50938
132.362,1.50407
132.369,1.49877
132.376,1.49346
132.384,1.48815
132.391,1.48284
132.398,1.47753
132.405,1.47221
132.412,1.46689
132.419,1.46157
132.426,1.45624
132.433,1.45092
132.441,1.44559
132.448,1.44026
132.455,1.43493
132.462,1.42959
132.469,1.42426
132.476,1.41892
132.483,1.41358
132.491,1.40824
